序
1 序品
2 十念品
  1
  2
  3
  4
  5
  6
  7
  8
  9
  10
3 廣演品
  1
  2
  3
  4
  5
  6
  7
  8
  9
  10
4 弟子品
  1
  2
  3
  4
  5
  6
  7
  8
  9
  10
5 比丘尼品
  1
  2
  3
  4
  5
6 清信士品
  1
  2
  3
  4
7 清信女品
  1
  2
  3
8 阿須倫品
  1
  2
  3
  4
  5
  6
  7
  8
  9
  10
9 一子品
  1
  2
  3
  4
  5
  6
  7
  8
  9
  10
10 護心品
  1
  2
  3
  4
  5
  6
  7
  8
  9
  10
11 不逮品
  1
  2
  3
  4
  5
  6
  7
  8
  9
  10
12 壹入道品
  1
  2
  3
  4
  5
  6
  7
  8
  9
  10
13 利養品
  1
  2
  3
  4
  5
  6
  7
14 五戒品
  1
  2
  3
  4
  5
  6
  7
  8
  9
  10
15 有無品
  1
  2
  3
  4
  5
  6
  7
  8
  9
  10
16 火滅品
  1
  2
  3
  4
  5
  6
  7
  8
  9
  10
17 安般品
  1
  2
  3
  4
  5
  6
  7
  8
  9
  10
  11
18 慚愧品
  1
  2
  3
  4
  5
  6
  7
  8
  9
  10
19 勸請品
  1
  2
  3
  4
  5
  6
  7
  8
  9
  10
  11
20 善知識品
  1
  2
  3
  4
  5
  6
  7
  8
  9
  10
  11
  12
  13
21 三寶品
  1
  2
  3
  4
  5
  6
  7
  8
  9
  10
22 三供養品
  1
  2
  3
  4
  5
  6
  7
  8
  9
  10
23 地主品
  1
  2
  3
  4
  5
  6
  7
  8
  9
  10
24 高幢品
  1
  2
  3
  4
  5
    1
    2
  6
  7
  8
  9
  10
25 四諦品
  1
  2
  3
  4
  5
  6
  7
  8
  9
  10
26 四意斷品
  1
  2
  3
  4
  5
  6
  7
  8
  9
  10
27 等趣四諦品
  1
  2
  3
  4
  5
  6
  7
  8
  9
  10
28 聲聞品
  1
  2
  3
  4
  5
  6
  7
29 苦樂品
  1
  2
  3
  4
  5
  6
  7
  8
  9
  10
30 須陀品
  1
  2
  3
31 增上品
  1
  2
  3
  4
  5
  6
  7
  8
  9
  10
  11
32 善聚品
  1
  2
  3
  4
  5
  6
  7
  8
  9
  10
  11
  12
33 五王品
  1
  2
  3
  4
  5
  6
  7
  8
  9
  10
34 等見品
  1
  2
  3
  4
  5
  6
  7
  8
  9
  10
35 邪聚品
  1
  2
  3
  4
  5
  6
  7
  8
  9
  10
36 聽法品
  1
  2
  3
  4
  5
37 六重品
  1
  2
  3
  4
  5
  6
  7
  8
  9
  10
38 力品
  1
  2
  3
  4
  5
  6
  7
  8
  9
  10
  11
  12
39 等法品
  1
  2
  3
  4
  5
  6
  7
  8
  9
  10
40 七日品
  1
  2
  3
  4
  5
  6
  7
  8
  9
  10
41 莫畏品
  1
  2
  3
  4
  5
42 八難品
  1
  2
  3
  4
  5
  6
  7
  8
  9
  10
43 馬血天子問八政品
  1
  2
  3
  4
  5
  6
  7
  8
  9
  10
44 九眾生居品
  1
  2
  3
  4
  5
  6
  7
  8
  9
  10
  11
45 馬王品
  1
  2
  3
  4
  5
  6
  7
46 結禁品
  1
  2
  3
  4
  6
  7
  8
  9
  10
  5（卷末附文）
47 善惡品
  1
  2
  3
  4
  5
  6
  7
  8
  9
  10
48 十不善品
  1
  2
  3
  4
  5
  6
49 放牛品
  1
  2
  3
  4
  5
  6
  7
  8
  9
  10
50 禮三寶品
  1
  2
  3
  4
  5
  6
  7
  8
  9
  10
51 非常品
  1
  2
  3
  4
  5
  6
  7
  8
  9
  10
52 大愛道般涅槃品
  1
  2
  3
  4
  5
  6
  7
  8
  9
