序
1 雜犍度
  1 世第一法品
    1
    2
    3
    4
  2 智品
    1
    2
    3
    4
    5
    6
    7
    8
  3 人品
    1
    2
    3
  4 愛敬品
    1
    2
    3
  5 無慚愧品
    1
    2
  6 色品
  7 無義品
    1
    2
  8 思品
    1
    2
2 使揵度
  1 不善品
    1
    2
    3
    4
    5
    6
  2 一行品
    1
    2
    3
  3 人品
    1
    2
    3
  4 十門品
    1
    2
    3
    4
    5
    6
    7
    8
    9
    10
3 智犍度
  1 八道品
    1
    2
    3
    4
  2 他心智品
    1
    2
    3
    4
    5
    6
  3 修智品
    1
    2
  4 相應品
    1
    2
    3
    4
序
