序
1 雜蘊
  1 世第一法納息
    1
    2
    3
    4
    5
    6
    7
    8
  2 智納息
    1
    2
    3
    4
    5
    6
    7
    8
    9
    10
    11
    12
    13
    14
    15
  3 補特伽羅納息
    1
    2
    3
    4
    5
    6
    7
  4 愛敬納息
    1
    2
    3
    4
    5
    6
  5 無慚愧納息
    1
    2
    3
    4
    5
  6 相納息
    1
    2
  7 無義納息
    1
    2
    3
    4
  8 思納息
    1
    2
    3
    4
2 結蘊
  1 不善納息
    1
    2
    3
    4
    5
    6
    7
    8
    9
    10
  2 一行納息
    1
    2
    3
    4
    5
    6
    7
    8
  3 有情納息
    1
    2
    3
    4
    5
    6
    7
    8
  4 十門納息
    1
    2
    3
    4
    5
    6
    7
    8
    9
    10
    11
    12
    13
    14
    15
    16
    17
    18
    19
    20
    21
    22
3 智蘊
  1 學支納息
    1
    2
    3
    4
    5
  2 五種納息
    1
    2
    3
  3 他心智納息
    1
    2
    3
    4
    5
    6
    7
  4 修智納息
    1
    2
    3
    4
  5 七聖納息
    1
    2
    3
4 業蘊
  1 惡行納息
    1
    2
    3
    4
    5
  2 邪語納息
    1
    2
    3
  3 害生納息
    1
    2
    3
    4
  4 表無表納息
    1
    2
    3
  5 自業納息
    1
    2
    3
5 大種蘊
  1 大造納息
    1
    2
    3
    4
    5
  2 緣納息
    1
    2
    3
    4
  3 具見納息
    1
    2
    3
    4
  4 執受納息
    1
    2
    3
    4
    5
6 根蘊
  1 根納息
    1
    2
    3
    4
    5
  2 有納息
    1
    2
  3 觸納息
    1
    2
  4 等心納息
    1
    2
    3
    4
    5
  5 一心納息
    1
    2
  6 魚納息
  7 因緣納息
7 定蘊
  1 得納息
    1
    2
    3
    4
    5
    6
  2 緣納息
    1
    2
    3
    4
  3 攝納息
    1
    2
    3
    4
    5
    6
    7
    8
  4 不還納息
    1
    2
    3
    4
    5
    6
    7
    8
    9
    10
  5 一行納息
    1
    2
    3
    4
8 見蘊
  1 念住納息
    1
    2
    3
    4
    5
    6
  2 三有納息
    1
    2
    3
    4
  3 想納息
    1
    2
  4 智納息
    1
    2
  5 見納息
    1
    2
    3
