大方廣佛華嚴經隨疏演義序
釋疏序
  1
  2
釋名題
1 世主妙嚴品
  1
  2
  3
  4
  5
  6
  7
  8
  9
  10
  11
  12
  13
  14
  15
  16
  17
  18
  19
  20
  21
2 現相品
  1
  2
3 普賢三昧品
  1
  2
4 世界成就品
  1
  2
5 華藏世界品
  1
  2
6 毘盧遮那品
7 如來名號品
8 四聖諦品
  1
  2
9 光明覺品
  1
  2
  3
  4
  5
  6
  7
12 賢首品
  1
  2
13 升須彌山頂品
14 須彌山頂偈讚品
  1
  2
15 十住品
  1
  2
16 梵行品
17 初發心功德品
  1
  2
18 明法品
  1
  2
19 昇夜摩天宮品
20 偈讚品
  1
  2
21 十行品
  1
  2
  3
22 十無盡藏品
  1
  2
  3
23 升兜率天宮品
24 兜率宮中偈讚品
25 十迴向品
  1
  2
  3
  4
  5
26 十地品
  1
  2
  3
  4
  5
  6
  7
  8
  9
  10
  11
  12
  13
  14
  15
  16
  17
  18
  19
  20
  21
  22
27 十定品
28 十通品
29 十忍品
  1
  2
  3
30 阿僧祇品
31 壽量品
32 住處品
  1
  2
33 佛不思議法品
34 十身相海品
  1
  2
35 如來隨好光明功德品
36 普賢行品
37 如來出現品
  1
  2
  3
38 離世間品
  1
  2
  3
39 入法界品
  1
  2
  3
  4
  5
  6
  7
  8
