敘
1 十善業道品(一-二)
  1
  2
2 生死品(三-五)
  1
  2
  3
3 地獄品(五-一五)
  1
  2
  3
  4
  5
  6
  7
  8
  9
  10
  11
4 餓鬼品(一六-一七)
  1
  2
5 畜生品(一八-二一)
  1
  2
  3
  4
6 觀天品(二二-六三)
  1 四天王(二二-二四)
    1
    2
    3
  2 三十三天(二五-三五)
    1
    2
    3
    4
    5
    6
    7
    8
    9
    10
    11
  3 夜摩天(三六-六三)
    1
    2
    3
    4
    5
    6
    7
    8
    9
    10
    11
    12
    13
    14
    15
    16
    17
    18
    19
    20
    21
    22
    23
    24
    25
    26
    27
    28
7 身念處品(六四-七〇)
  1
  2
  3
  4
  5
  6
  7
