序
初分
  1 四波羅夷法
    1
    2
  2 十三僧殘法
    1
    2
    3
    4
  3 二不定法
  4 三十捨墮法
    1
    2
    3
    4
    5
  5 九十單提法
    1
    2
    3
    4
    5
    6
    7
    8
    9
  6 四提舍尼法
  7 式叉迦羅尼法(百眾學法)
    1
    2
    3
第二分
  1 尼戒法八波羅夷法
  2 尼戒法十七僧殘法
    1
    2
  3 尼戒法三十捨墮法
    1
    2
  4 尼戒法一百七十八單提法
    1
    2
    3
    4
    5
    6
    7
  5 受戒揵度
    1
    2
    3
    4
    5
  6 說戒揵度
    1
    2
  7 安居揵度
  8 自恣揵度上
第三分
  1 自恣揵度下
  2 皮革揵度
    1
    2
  3 衣揵度
    1
    2
    3
  4 藥揵度
    1
    2
  5 迦絺那衣揵度
  6 拘睒彌揵度
  7 瞻波揵度
  8 呵責揵度
    1
    2
  9 人揵度
  10 覆藏揵度
  11 遮揵度
  12 破僧揵度
  13 滅諍揵度
    1
    2
  14 比丘尼揵度
    1
    2
  15 法揵度
第四分
  1 房舍揵度
    1
    2
  2 雜揵度
    1
    2
    3
  3 集法毘尼五百人
  4 七百集法毘尼
  5 調部
    1
    2
    3
  6 毘尼增一
    1
    2
    3
    4
